1.349281655201278394e+06
1.386025749715994811e+06
1.423263519949683920e+06
1.460994965902346885e+06
1.499220087573983474e+06
1.537938884964592755e+06
1.577151358074176125e+06
1.616857506902732886e+06
1.657057331450262573e+06
1.697750831716766115e+06
1.340375908892527223e+06
1.376996286980375182e+06
1.414110340787196066e+06
1.451718070312990574e+06
1.489819475557758939e+06
1.528414556521499762e+06
1.567503313204214908e+06
1.607085745605903212e+06
1.647161853726564674e+06
1.687731637566199759e+06
