1.912962940383077240e+10
1.913243549516806793e+10
1.913812167264673233e+10
1.914692401479632187e+10
1.915908497234245682e+10
1.917485336820681381e+10
1.919448439750712585e+10
1.921823962755717850e+10
1.924638699786682510e+10
1.927920082014196777e+10
1.954809330629599762e+10
1.955485406216447449e+10
1.956429469685214615e+10
1.957664336397650146e+10
1.959213458935108185e+10
1.961100927098548126e+10
1.963351467908535767e+10
1.965990445605241776e+10
1.969043861648443604e+10
1.972538354717523956e+10
